36 40
000000000000000000000000000000000000000000
00000  111 1111 111    1111 000 1 01 000 0
01 11 111 0 0 0 0  1 111 00 1 2     1    0
0      1111 111 0 0  1 1 1 00000 11111  10
0   11    1 1 00 1 1 1 1 0 0 0 0 1 1     0
0  1     1 1     0 0 0 0     1    1  1   0
0                1     1     1     1     0
0    1 1  111   111   000   0            0
0  1          111     0    1   1   0     0
0        0    0       1    1         1   0
0       1      1          1     1        0
0 1   1             0     1      1       0
0        0      0      0     1           0
0 1111        0000 111 01 01       1     0
0  1 0 0 0 0  111111  000000 1  01 01    0
01    1   000 1 1 1 1 1111 000 1 00 1    0
00 11      1 01 0000 1111 000     1      0
01        0000 1 1 1      1    1         0
0     1 000     1   0     1          1   0
0 11111 0000      1 0 1 0 1 0 1 000   1  0
01   000      1 0 111           0     1  0
00000   11111 1 1  1 1 1    0     1      0
0        1        111111       0 111111  0
0111111     000 1 1  1111   01010101  1  0
01    0 1 101010     000   111    1      0
0     010101010                     000  0
0111 0101010    100000 11     11     1   0
0                111111111111   1      1 0
00000011    1         1    111111     00 0
0               11111 000101 101  1001 1 0
01111110   010101     10111  0001 1 00   0
01    001  1010     111 0000 1     1   110
0     0000 1 1 1 1 1 1 1 00 1111    111  0
011111 000 101010101          1111  000000
0111111 0000 1 1 1 1 1 1 1 1 10 0 0101 1 0
000000000000000000000000000000000000000000
